n 		percentage 		edges 		min_edge 		time
2       12.5          1          1 9.775161743164062e-06
2         25          1          1 6.9141387939453125e-06
2         50          1          1 6.4373016357421875e-06
2         75          1          1 5.9604644775390625e-06
3         75          2          2 1.2159347534179688e-05
4         50          3          2 1.8358230590820312e-05
4         75          4          2 1.3589859008789062e-05
5         50          5          3 5.078315734863281e-05
5         75          7          3 8.130073547363281e-05
6         50          7          3 0.0001888275146484375
6         75         11          3 0.00018715858459472656
7         50         10          4 0.0007188320159912109
7         75         15          4 0.0029964447021484375
8         25          7          4 0.00025343894958496094
8         50         14          4 0.0022764205932617188
8         75         21          4 0.00897216796875
9         25          9          5 0.0014333724975585938
9         50         18          5 0.024121999740600586
9         75         27          5 0.07815742492675781
10         25         11          5 0.0020935535430908203
10         50         22          5 0.03208136558532715
10         75         33          5 0.1454927921295166
11         25         13          6 0.009271621704101562
11         50         27          6 0.42323899269104004
11         75         41          6 3.4290480613708496
12         25         16          6 0.04742312431335449
12         50         33          6 1.2024431228637695
12         75         49          6 8.949963331222534
13         25         19          7 0.282320499420166
13         50         39          7 20.707319736480713
13         75         58          7 243.30513954162598
14         25         22          7 1.056920051574707
14         50         45          7 54.684792041778564
14         75         68          7 749.9320230484009
15         25         26          8 7.986770153045654